1,0.878373
2,0.885812
3,0.260124
4,0.216973
5,0.076661
6,0.013070
7,0.131832
8,0.823659
9,0.662383
10,0.703384
11,0.694261
12,0.055852
13,0.092080
14,0.048508
15,0.083658
16,0.338204
17,0.466276
18,0.172770
19,0.397039
20,0.544017
21,0.640674
22,0.577313
23,0.712577
24,0.488289
25,0.508579
26,0.010288
27,0.918671
28,0.798096
29,0.793872
30,0.290573
31,0.435839
32,0.511358
33,0.035223
34,0.008901
35,0.364464
36,0.043716
37,0.294495
38,0.184500
39,0.010777
40,0.027001
41,0.221542
42,0.754705
43,0.874671
44,0.898767
45,0.930701
46,0.809322
47,0.764801
48,0.715799
49,0.916620
50,0.932741
51,0.969406
52,0.981064
53,0.978581
54,0.707365
55,0.982356
56,0.957731
57,0.265498
58,0.402656
59,0.555497
60,0.602513
61,0.802287
62,0.275526
63,0.509653
64,0.723648
65,0.493885
66,0.617622
67,0.249920
68,0.530065
69,0.897036
70,0.822313
71,0.882216
72,0.750256
73,0.795011
74,0.751097
75,0.100816
76,0.172102
77,0.002345
78,0.005842
79,0.023031
80,0.280344
81,0.523506
82,0.189487
83,0.018320
84,0.096806
85,0.023397
86,0.048791
87,0.134423
88,0.017788
89,0.013204
90,0.034809
91,0.571471
92,0.289354
93,0.113240
94,0.146769
95,0.177147
96,0.859222
97,0.741098
98,0.695064
99,0.730680
100,0.740513
101,0.724515
102,0.828565
103,0.902210
104,0.869095
105,0.945267
106,0.937767
107,0.956867
108,0.941988
109,0.940141
110,0.954005
111,0.946029
112,0.951801
113,0.954696
114,0.963732
115,0.965276
116,0.958558
117,0.938119
118,0.910774
119,0.621878
120,0.578031
121,0.531563
122,0.638912
123,0.482828
124,0.449441
125,0.763774
126,0.775551
127,0.406048
128,0.324189
129,0.884256
130,0.957449
131,0.947463
132,0.931803
133,0.924675
134,0.898874
135,0.903732
136,0.952373
137,0.941210
138,0.958040
139,0.512050
140,0.225576
141,0.180655
142,0.187980
143,0.438572
144,0.936812
145,0.752837
146,0.869867
147,0.648085
148,0.717749
149,0.847787
150,0.918235
151,0.929224
152,0.913786
153,0.924755
154,0.950292
155,0.826006
156,0.499486
157,0.353039
158,0.177306
159,0.251625
160,0.125863
161,0.480050
162,0.101601
163,0.118221
164,0.289802
165,0.870436
166,0.809621
167,0.938084
168,0.921268
169,0.721781
170,0.980305
171,0.247338
172,0.588587
173,0.892736
174,0.812992
175,0.708621
176,0.637078
177,0.400788
178,0.094409
179,0.091847
180,0.118702
181,0.745877
182,0.568229
183,0.785013
184,0.868304
185,0.868570
186,0.878221
187,0.862098
188,0.844550
189,0.856843
190,0.813928
191,0.018904
192,0.820524
193,0.690537
194,0.540233
195,0.007446
196,0.580889
197,0.707930
198,0.810722
199,0.932112
200,0.928765
201,0.038517
202,0.035057
203,0.022700
204,0.013438
205,0.085673
206,0.697659
207,0.738225
208,0.809410
209,0.803193
210,0.221215
211,0.343291
212,0.548370
213,0.045687
214,0.035528
215,0.031517
216,0.019163
217,0.015241
218,0.015399
219,0.007748
220,0.059824
221,0.054531
222,0.025403
223,0.020294
224,0.089558
225,0.932491
226,0.937838
227,0.923043
228,0.917988
229,0.553088
230,0.598623
231,0.478371
232,0.372793
233,0.906326
234,0.866449
235,0.851372
236,0.876325
237,0.627371
238,0.872186
239,0.482303
240,0.131270
241,0.206722
242,0.822330
243,0.548931
244,0.899357
245,0.920964
246,0.914368
247,0.968791
248,0.926274
249,0.563771
250,0.872495
251,0.820884
252,0.193448
253,0.094900
254,0.128431
255,0.219431
256,0.283433
257,0.129840
258,0.093069
259,0.046212
260,0.030056
261,0.750481
262,0.825707
263,0.390327
264,0.778289
265,0.535551
266,0.693762
267,0.816657
268,0.836688
269,0.866120
270,0.870093
271,0.875865
272,0.869048
273,0.869948
274,0.861737
275,0.808214
276,0.790042
277,0.799222
278,0.155039
279,0.454659
280,0.682422
281,0.623873
282,0.298942
283,0.702391
284,0.806640
285,0.782589
286,0.712142
287,0.298166
288,0.141318
289,0.159233
290,0.143306
291,0.600676
292,0.815826
293,0.911980
294,0.502601
295,0.599414
296,0.338169
297,0.240376
298,0.282459
299,0.448735
300,0.053730
301,0.149251
302,0.718313
303,0.914983
304,0.857041
305,0.731733
306,0.864351
307,0.834161
308,0.890248
309,0.834350
310,0.910024
311,0.859650
312,0.043834
313,0.047031
314,0.092758
315,0.863474
316,0.869454
317,0.679472
318,0.107030
319,0.555745
320,0.754584
321,0.456131
322,0.424820
323,0.461533
324,0.300091
325,0.583893
326,0.118924
327,0.010780
328,0.303463
329,0.013224
330,0.049640
331,0.233027
332,0.614781
333,0.807428
334,0.046359
335,0.387853
336,0.292301
337,0.166079
338,0.852763
339,0.925847
340,0.824769
341,0.795530
342,0.856160
343,0.884761
344,0.871805
345,0.809863
346,0.211585
347,0.068985
348,0.767169
349,0.820170
350,0.786068
351,0.899019
352,0.250253
353,0.233365
354,0.195064
355,0.840191
356,0.943702
357,0.913340
358,0.940866
359,0.833688
360,0.886325
361,0.934961
362,0.942563
363,0.946357
364,0.957883
365,0.830258
366,0.950641
367,0.888397
368,0.789825
369,0.882501
370,0.954453
371,0.956252
372,0.918916
373,0.904504
374,0.893122
375,0.851464
376,0.847204
377,0.816157
378,0.832188
379,0.917395
380,0.898253
381,0.929162
382,0.941092
383,0.941142
384,0.950998
385,0.740318
386,0.157996
387,0.407752
388,0.756277
389,0.782718
390,0.897188
391,0.226446
392,0.391571
393,0.932022
394,0.798025
395,0.016501
396,0.131696
397,0.011015
398,0.701788
399,0.795285
400,0.700689
401,0.512046
402,0.724002
403,0.270198
404,0.328942
405,0.333759
406,0.008710
407,0.255632
408,0.348186
409,0.552983
410,0.673521
411,0.004280
412,0.018063
413,0.320725
414,0.521275
415,0.311725
416,0.136852
417,0.086711
418,0.156653
419,0.139827
420,0.071774
421,0.105820
422,0.026224
423,0.600869
424,0.219456
425,0.173779
426,0.645888
427,0.481434
428,0.858161
429,0.713378
430,0.687818
431,0.276207
432,0.178687
433,0.601805
434,0.203492
435,0.210746
436,0.139980
437,0.050827
438,0.569385
439,0.273649
440,0.367790
441,0.334730
442,0.111074
443,0.087162
444,0.714056
445,0.922989
446,0.919628
447,0.847063
448,0.729502
449,0.873227
450,0.055642
451,0.831053
452,0.730739
453,0.824682
454,0.814713
455,0.072903
456,0.558748
457,0.791411
458,0.957049
459,0.935123
460,0.950178
461,0.930307
462,0.941006
463,0.601090
464,0.116567
465,0.260283
466,0.763116
467,0.735470
468,0.825678
469,0.858744
470,0.006577
471,0.054441
472,0.844582
473,0.430817
474,0.604174
475,0.810478
476,0.729116
477,0.099355
478,0.452353
479,0.857768
480,0.876433
481,0.699466
482,0.855503
483,0.430111
484,0.693240
485,0.773784
486,0.891163
487,0.460351
488,0.874743
489,0.835929
490,0.756324
491,0.703316
492,0.654594
493,0.736398
494,0.649573
495,0.142471
496,0.151413
497,0.230700
498,0.288952
499,0.341991
500,0.191370
501,0.062021
502,0.404996
503,0.567412
504,0.621707
505,0.631694
506,0.727001
507,0.747355
508,0.763921
509,0.823017
510,0.869188
511,0.813596
512,0.786907
513,0.805601
514,0.899326
515,0.835999
516,0.080518
517,0.050823
518,0.047868
519,0.144184
520,0.044910
521,0.062616
522,0.869891
523,0.332408
524,0.239765
525,0.028197
526,0.506946
527,0.661905
528,0.673910
529,0.692083
530,0.760831
531,0.779638
532,0.863816
533,0.952616
534,0.918780
535,0.861304
536,0.905524
537,0.928673
538,0.941129
539,0.946405
540,0.935542
541,0.887982
542,0.828168
543,0.813287
544,0.941345
545,0.951769
546,0.945943
547,0.950873
548,0.915500
549,0.930360
550,0.900141
551,0.658019
552,0.554187
553,0.065286
554,0.054893
555,0.523069
556,0.574721
557,0.827868
558,0.012658
559,0.105959
560,0.080561
561,0.985451
562,0.944719
563,0.840025
564,0.738178
565,0.794198
566,0.939578
567,0.161530
568,0.956274
569,0.892126
570,0.880562
571,0.873882
572,0.780341
573,0.352659
574,0.133181
575,0.411444
576,0.304520
577,0.151175
578,0.089828
579,0.078815
580,0.221674
581,0.343940
582,0.302055
583,0.162370
584,0.026118
585,0.155887
586,0.042620
587,0.030374
588,0.086369
589,0.178713
590,0.172696
591,0.248358
592,0.907816
593,0.792588
594,0.951906
595,0.385406
596,0.941088
597,0.915283
598,0.844798
599,0.851596
600,0.789327
601,0.866933
602,0.748907
603,0.274330
604,0.871509
605,0.226955
606,0.735797
607,0.292935
608,0.217395
609,0.837430
610,0.867994
611,0.882390
612,0.364461
613,0.573872
614,0.606581
615,0.376759
616,0.498760
617,0.284765
618,0.016127
619,0.006978
620,0.002321
621,0.029959
622,0.089449
623,0.048912
624,0.811922
625,0.061466
626,0.823405
627,0.717935
628,0.784478
629,0.274596
630,0.877542
631,0.883462
632,0.839937
633,0.116037
634,0.320073
635,0.405501
636,0.875206
637,0.824646
638,0.844620
639,0.885412
640,0.567447
641,0.614960
642,0.488829
643,0.709527
644,0.371979
645,0.186424
646,0.302977
647,0.203420
648,0.507304
649,0.662491
650,0.470091
651,0.389372
652,0.285233
653,0.690524
654,0.700855
655,0.713909
656,0.702783
657,0.741033
658,0.758346
659,0.223415
660,0.143745
661,0.138237
662,0.369217
663,0.207439
664,0.302798
665,0.076835
666,0.783919
667,0.853801
668,0.069329
669,0.798492
670,0.790344
671,0.837431
672,0.843125
673,0.850548
674,0.524452
675,0.655606
676,0.902833
677,0.833015
678,0.927742
679,0.864244
680,0.894019
681,0.931303
682,0.778543
683,0.348476
684,0.964922
685,0.956556
686,0.936212
687,0.501131
688,0.728009
689,0.215937
690,0.394581
691,0.688130
692,0.676801
693,0.080043
694,0.184698
695,0.074523
696,0.605885
697,0.306580
698,0.156399
699,0.555058
700,0.357931
701,0.004525
702,0.233703
703,0.433996
704,0.335992
705,0.435021
706,0.594490
707,0.572395
708,0.528736
709,0.511414
710,0.507078
711,0.576574
712,0.506997
713,0.548197
714,0.675878
715,0.691929
716,0.702660
717,0.682406
718,0.708722
719,0.694772
720,0.119278
721,0.536409
722,0.571267
723,0.639852
724,0.750281
725,0.581508
726,0.394457
727,0.560949
728,0.694003
729,0.401660
730,0.540387
731,0.710449
732,0.623744
733,0.618361
734,0.403116
735,0.612311
736,0.842701
737,0.909971
738,0.008225
739,0.490124
740,0.027527
741,0.138263
742,0.620559
743,0.656412
744,0.772903
745,0.016730
746,0.012724
747,0.046639
748,0.404312
749,0.385206
750,0.871150
751,0.351551
752,0.021821
753,0.570925
754,0.651167
755,0.634403
756,0.044111
757,0.756252
758,0.776166
759,0.674337
760,0.134501
761,0.035092
762,0.082219
763,0.484648
764,0.488262
765,0.482792
766,0.102623
767,0.249643
768,0.460140
769,0.925241
770,0.651911
771,0.851670
772,0.833139
773,0.703534
774,0.456273
775,0.583596
776,0.025478
777,0.542329
778,0.571197
779,0.522231
780,0.144063
781,0.639384
782,0.356614
783,0.009956
784,0.006280
785,0.203956
786,0.039903
787,0.322037
788,0.680939
789,0.149216
790,0.802156
791,0.852675
792,0.609063
793,0.640273
794,0.860006
795,0.899755
796,0.877913
797,0.750737
798,0.003310
799,0.009663
800,0.006205
801,0.374940
802,0.141816
803,0.915638
804,0.886676
805,0.947700
806,0.932941
807,0.933269
808,0.846453
809,0.867532
810,0.843780
811,0.856475
812,0.722148
813,0.788967
814,0.757999
815,0.861975
816,0.709441
817,0.637365
818,0.323135
819,0.304549
820,0.530213
821,0.232474
822,0.441731
823,0.475447
824,0.395756
825,0.571179
826,0.508353
827,0.060876
828,0.379992
829,0.345996
830,0.103770
831,0.025337
832,0.417127
833,0.556102
834,0.013597
835,0.849975
836,0.821094
837,0.800455
838,0.250111
839,0.375583
840,0.604298
841,0.589194
842,0.239407
843,0.175913
844,0.106381
845,0.283155
846,0.652122
847,0.557121
848,0.554709
849,0.656112
850,0.659957
851,0.804471
852,0.855385
853,0.408023
854,0.648875
855,0.847565
856,0.906424
857,0.729176
858,0.062895
859,0.046550
860,0.050090
861,0.165756
862,0.185335
863,0.248175
864,0.715654
865,0.488407
866,0.624398
867,0.501175
868,0.797252
869,0.796816
870,0.455349
871,0.398605
872,0.619117
873,0.751401
874,0.482531
875,0.547084
876,0.814915
877,0.732907
878,0.648251
879,0.558485
880,0.958571
881,0.509254
882,0.800123
883,0.955426
884,0.964897
885,0.941605
886,0.881363
887,0.830071
888,0.908255
889,0.918335
890,0.551417
891,0.599108
892,0.743633
893,0.025745
894,0.165166
895,0.712671
896,0.908741
897,0.826976
898,0.729862
899,0.594872
900,0.889750
901,0.842562
902,0.815059
903,0.838159
904,0.097747
905,0.690617
906,0.894823
907,0.920318
908,0.952849
909,0.949567
910,0.947980
911,0.901160
912,0.858460
913,0.620981
914,0.487664
915,0.183706
916,0.028042
917,0.835733
918,0.104341
919,0.125000
920,0.128076
921,0.163751
922,0.083676
923,0.051191
924,0.054289
925,0.083155
926,0.033837
927,0.017372
928,0.038660
929,0.038851
930,0.029756
931,0.046572
932,0.779284
933,0.107533
934,0.041286
935,0.146047
936,0.160050
937,0.144051
938,0.099116
939,0.101093
940,0.188261
941,0.036406
942,0.070376
943,0.910648
944,0.895954
945,0.652830
946,0.279002
947,0.125160
948,0.117509
949,0.043356
950,0.017292
951,0.008101
952,0.009904
953,0.034150
954,0.064259
955,0.043653
956,0.005504
957,0.404397
958,0.881114
959,0.945420
960,0.617390
961,0.502190
962,0.164842
963,0.407802
964,0.386484
965,0.737808
966,0.716487
967,0.292474
968,0.145708
969,0.188783
970,0.835759
971,0.628683
972,0.875122
973,0.562202
974,0.887513
975,0.878644
976,0.912722
977,0.870996
978,0.239150
979,0.599231
980,0.592532
